0 0.598155 0.359322 0.023720 0.172881
0 0.580837 0.745503 0.034221 0.505880
0 0.191859 0.371042 0.025559 0.203598
1 0.201951 0.048376 0.024480 0.096003
0 0.187428 0.566852 0.039401 0.635021
0 0.183820 0.592585 0.020840 0.251114
0 0.578020 0.771767 0.024359 0.456467
0 0.190099 0.496622 0.036004 0.501262
0 0.190058 0.358236 0.037749 0.716473
0 0.589460 0.607466 0.025476 0.216227
0 0.193440 0.325297 0.028133 0.272775
0 0.181763 0.529651 0.041051 0.719997
0 0.183671 0.538010 0.020587 0.355561
0 0.176933 0.675294 0.032720 0.394182
