0 0.577287 0.904830 0.022750 0.184411
0 0.221283 0.296019 0.038470 0.592037
0 0.229988 0.129240 0.019587 0.252922
0 0.613320 0.217185 0.020730 0.241419
0 0.214103 0.413208 0.025151 0.347546
0 0.217286 0.347769 0.022406 0.454694
0 0.216697 0.310464 0.033119 0.537800
0 0.227101 0.139575 0.022863 0.279149
0 0.616614 0.186997 0.022289 0.240734
0 0.579004 0.858387 0.027651 0.268703
0 0.234852 0.044156 0.012983 0.088313
0 0.227138 0.160549 0.016589 0.188575
0 0.616085 0.179143 0.028580 0.345186
0 0.222639 0.306629 0.022341 0.472538
