0 0.892544 0.670451 0.038480 0.618615
0 0.920094 0.097691 0.023559 0.192982
0 0.412788 0.872607 0.087610 0.245734
0 0.040511 0.554613 0.041306 0.890774
0 0.059744 0.272731 0.033792 0.545462
0 0.039271 0.680981 0.038911 0.638038
0 0.485465 0.345856 0.044412 0.661770
0 0.049235 0.547309 0.044629 0.889642
0 0.478703 0.403727 0.033761 0.447145
0 0.918219 0.148422 0.028001 0.296844
0 0.056608 0.442440 0.046753 0.884880
0 0.479888 0.313115 0.037157 0.577004
0 0.059710 0.400671 0.036068 0.801341
0 0.065804 0.135971 0.020685 0.271805
