0 0.850456 0.498497 0.039097 0.594561
0 0.849797 0.596105 0.045989 0.768454
0 0.012013 0.316666 0.023632 0.633332
0 0.381122 0.788446 0.056590 0.341420
0 0.833930 0.896106 0.021242 0.206983
0 0.841024 0.581981 0.041980 0.836037
0 0.013224 0.220123 0.026242 0.440246
0 0.012675 0.434865 0.025177 0.869730
0 0.817398 0.053415 0.021201 0.103036
0 0.432733 0.221426 0.035805 0.415027
1 0.675379 0.926167 0.126394 0.140112
0 0.835639 0.636185 0.027837 0.725789
0 0.814184 0.045020 0.016852 0.089166
0 0.816696 0.091016 0.024752 0.178161
